==================================================================================================================================
[INFO] combination score table (cluster-wise)
==================================================================================================================================
[INFO] cluster 0 top 50
rank   raw_ids                  score      IoU        B-IoU      Contain    BBoxIoU    AreaRatio 
----------------------------------------------------------------------------------------------------------------------------------
0      [101]                    0.1555     0.0398     0.0432     0.0585     0.0728     0.5277    
1      [80]                     -0.2946    0.0122     0.0182     0.0765     0.0412     0.1865    
2      [80, 101]                -0.2957    0.0121     0.0182     0.0765     0.0412     0.1862    
3      [44]                     -1.1134    0.0466     0.0871     0.7796     0.0507     0.0606    
4      [44, 101]                -1.1335    0.0507     0.0977     0.8741     0.0549     0.0584    
5      [44, 80]                 -1.6200    0.0399     0.0702     0.8816     0.0459     0.0456    
==================================================================================================================================
[INFO] cluster 1 top 50
rank   raw_ids                  score      IoU        B-IoU      Contain    BBoxIoU    AreaRatio 
----------------------------------------------------------------------------------------------------------------------------------
0      [57, 60]                 0.2093     0.0895     0.0835     0.1343     0.4155     0.6358    
1      [57, 59, 60]             0.1996     0.0777     0.0775     0.1372     0.4008     0.9030    
2      [57, 59]                 0.1963     0.0658     0.0206     0.1048     0.5011     0.6974    
3      [57]                     0.1951     0.0771     0.0244     0.1033     0.0920     0.4423    
4      [60, 92]                 0.1714     0.0307     0.0894     0.0597     0.2066     0.9995    
5      [59, 60, 92]             0.1596     0.0284     0.0829     0.0626     0.3105     0.7888    
6      [57, 60, 112]            0.1545     0.0769     0.0766     0.1372     0.2704     0.9229    
7      [57, 83]                 0.1544     0.0795     0.0571     0.1649     0.2027     0.8064    
8      [57, 60, 83]             0.1544     0.0795     0.0571     0.1649     0.2027     0.8064    
9      [57, 92]                 0.1503     0.0591     0.0436     0.1242     0.3250     0.8176    
10     [83]                     0.1466     0.0355     0.0551     0.0616     0.0288     0.7953    
11     [57, 60, 92]             0.1446     0.0714     0.0835     0.1629     0.2938     0.6924    
12     [60]                     0.1424     0.0267     0.0928     0.0310     0.0258     0.1920    
13     [57, 112]                0.1370     0.0656     0.0229     0.1062     0.2704     0.7245    
14     [57, 59, 112]            0.1370     0.0656     0.0229     0.1062     0.2704     0.7245    
15     [57, 59, 83]             0.1254     0.0722     0.0505     0.1688     0.2027     0.6637    
16     [92]                     0.1206     0.0119     0.0365     0.0209     0.0356     0.7764    
17     [59]                     0.1036     0.0012     0.0037     0.0015     0.0137     0.2532    
18     [112]                    0.0376     0.0023     0.0073     0.0029     0.0083     0.2808    
==================================================================================================================================
[INFO] cluster 2 top 50
rank   raw_ids                  score      IoU        B-IoU      Contain    BBoxIoU    AreaRatio 
----------------------------------------------------------------------------------------------------------------------------------
0      [48, 88]                 0.1053     0.0017     0.0060     0.0029     0.0209     0.6589    
1      [88]                     0.1044     0.0020     0.0072     0.0029     0.0120     0.3953    
2      [57]                     0.1042     0.0024     0.0084     0.0033     0.0072     0.3716    
3      [57, 88]                 0.1015     0.0039     0.0131     0.0069     0.3092     0.7681    
4      [48]                     0.1015     0.0000     0.0000     0.0000     0.0098     0.2555    
5      [48, 57]                 0.1009     0.0025     0.0081     0.0041     0.3180     0.6288    
6      [48, 57, 88]             0.0979     0.0034     0.0114     0.0069     0.3092     0.9692    
7      [79]                     -0.0515    0.0153     0.0330     0.0583     0.0266     0.3502    
8      [48, 79]                 -0.0516    0.0153     0.0331     0.0583     0.0266     0.3500    
9      [46]                     -0.4825    0.0682     0.0128     0.6968     0.0594     0.1009    
10     [46, 57]                 -0.5232    0.0667     0.0127     0.7111     0.0594     0.0964    
11     [46, 48]                 -0.5642    0.0664     0.0127     0.6993     0.0603     0.0977    
12     [46, 88]                 -0.5772    0.0658     0.0148     0.7021     0.0598     0.0964    
13     [46, 48, 88]             -0.6041    0.0642     0.0139     0.7021     0.0598     0.0940    
14     [46, 79]                 -0.7441    0.0605     0.0190     0.7910     0.0492     0.0777    
==================================================================================================================================
[INFO] cluster 3 top 50
rank   raw_ids                  score      IoU        B-IoU      Contain    BBoxIoU    AreaRatio 
----------------------------------------------------------------------------------------------------------------------------------
0      [20, 38, 108]            0.4003     0.3073     0.0000     0.3164     0.7313     0.3460    
1      [38, 108]                0.3818     0.2920     0.0000     0.3006     0.6639     0.3302    
2      [36, 38, 108]            0.3818     0.2920     0.0000     0.3006     0.6639     0.3302    
3      [38, 41, 108]            0.3818     0.2920     0.0000     0.3006     0.6639     0.3302    
4      [20, 108]                0.3791     0.2817     0.0000     0.2900     0.7067     0.3196    
5      [20, 36, 108]            0.3791     0.2817     0.0000     0.2900     0.7067     0.3196    
6      [20, 41, 108]            0.3791     0.2817     0.0000     0.2900     0.7067     0.3196    
7      [38, 108, 118]           0.3632     0.3152     0.0019     0.3403     0.4694     0.4199    
8      [36, 108]                0.3601     0.2664     0.0000     0.2743     0.6384     0.3038    
9      [41, 108]                0.3601     0.2664     0.0000     0.2743     0.6384     0.3038    
10     [108]                    0.3565     0.2660     0.0000     0.2738     0.6384     0.3030    
11     [104, 108, 109]          0.3531     0.3011     0.0020     0.9259     0.2778     0.3332    
12     [38, 104, 109]           0.3520     0.3002     0.0020     0.9229     0.2778     0.3336    
13     [104, 109]               0.3520     0.3001     0.0020     0.9227     0.2778     0.3337    
14     [0, 104, 109]            0.3520     0.3001     0.0020     0.9227     0.2778     0.3337    
15     [2, 104, 109]            0.3520     0.3001     0.0020     0.9227     0.2778     0.3337    
16     [1, 104, 109]            0.3520     0.3001     0.0020     0.9227     0.2778     0.3337    
17     [20, 108, 118]           0.3515     0.3051     0.0016     0.3294     0.4539     0.4090    
18     [108, 118]               0.3426     0.2905     0.0019     0.3136     0.4539     0.3932    
19     [36, 108, 118]           0.3426     0.2905     0.0019     0.3136     0.4539     0.3932    
20     [41, 108, 118]           0.3426     0.2905     0.0019     0.3136     0.4539     0.3932    
21     [1, 20, 108]             0.3373     0.2681     0.0109     0.2914     0.5367     0.3784    
22     [2, 38, 108]             0.3333     0.2680     0.0037     0.3292     0.5178     0.5576    
23     [104, 108]               0.3328     0.3095     0.0014     0.8666     0.2778     0.3751    
24     [2, 104, 108]            0.3328     0.3095     0.0014     0.8666     0.2778     0.3751    
25     [1, 104, 108]            0.3328     0.3095     0.0014     0.8666     0.2778     0.3751    
26     [0, 104, 108]            0.3328     0.3095     0.0014     0.8666     0.2778     0.3751    
27     [38, 104]                0.3317     0.3085     0.0014     0.8636     0.2778     0.3756    
28     [2, 38, 104]             0.3317     0.3085     0.0014     0.8636     0.2778     0.3756    
29     [1, 38, 104]             0.3317     0.3085     0.0014     0.8636     0.2778     0.3756    
30     [0, 38, 104]             0.3317     0.3085     0.0014     0.8636     0.2778     0.3756    
31     [0, 104]                 0.3316     0.3085     0.0014     0.8634     0.2778     0.3756    
32     [36, 104]                0.3316     0.3085     0.0014     0.8634     0.2778     0.3756    
33     [2, 104]                 0.3316     0.3085     0.0014     0.8634     0.2778     0.3756    
34     [0, 2, 104]              0.3316     0.3085     0.0014     0.8634     0.2778     0.3756    
35     [104, 118]               0.3316     0.3085     0.0014     0.8634     0.2778     0.3756    
36     [1, 104]                 0.3316     0.3085     0.0014     0.8634     0.2778     0.3756    
37     [0, 1, 104]              0.3316     0.3085     0.0014     0.8634     0.2778     0.3756    
38     [1, 108, 118]            0.3298     0.2770     0.0121     0.3150     0.4539     0.4520    
39     [0, 20, 108]             0.3271     0.2611     0.0120     0.2915     0.5146     0.4081    
40     [0, 108, 118]            0.3242     0.2701     0.0131     0.3151     0.4539     0.4818    
41     [104]                    0.3230     0.3092     0.0014     0.8629     0.2778     0.3768    
42     [2, 108]                 0.3128     0.2466     0.0037     0.3029     0.5008     0.5312    
43     [2, 36, 108]             0.3128     0.2466     0.0037     0.3029     0.5008     0.5312    
44     [2, 41, 108]             0.3128     0.2466     0.0037     0.3029     0.5008     0.5312    
45     [36]                     0.2210     0.0280     0.0000     0.0280     0.0278     0.0280    
46     [20, 36]                 0.2198     0.0438     0.0000     0.0438     0.2902     0.0438    
47     [38]                     0.2176     0.0236     0.0000     0.0236     0.0228     0.0236    
48     [20]                     0.2134     0.0157     0.0000     0.0157     0.0266     0.0157    
49     [41]                     0.2085     0.0114     0.0000     0.0114     0.0106     0.0114    
==================================================================================================================================
[INFO] cluster 4 top 50
rank   raw_ids                  score      IoU        B-IoU      Contain    BBoxIoU    AreaRatio 
----------------------------------------------------------------------------------------------------------------------------------
0      [33]                     0.6139     0.5328     0.0171     0.7449     0.3843     0.8749    
1      [33, 109]                0.5972     0.4635     0.0101     0.8874     0.5337     0.5549    
2      [33, 108]                0.4616     0.3860     0.0147     0.7712     0.6562     0.5653    
3      [33, 108, 109]           0.4316     0.3673     0.0104     0.9239     0.4608     0.4100    
4      [109]                    0.2284     0.0924     0.0031     0.1397     0.2164     0.6511    
5      [108]                    0.0782     0.0160     0.0039     0.0255     0.3526     0.6222    
6      [33, 104, 109]           -0.0966    0.1327     0.0113     0.9729     0.3613     0.1369    
7      [33, 104]                -0.1232    0.1224     0.0101     0.8300     0.3613     0.1512    
8      [33, 104, 108]           -0.1240    0.1223     0.0101     0.8302     0.3613     0.1511    
9      [104, 109]               -0.3181    0.0325     0.0037     0.2255     0.3117     0.1625    
10     [104, 108]               -0.3457    0.0133     0.0025     0.0850     0.3117     0.1826    
11     [104]                    -0.3531    0.0132     0.0025     0.0840     0.3117     0.1835    
==================================================================================================================================
[INFO] cluster 5 top 50
rank   raw_ids                  score      IoU        B-IoU      Contain    BBoxIoU    AreaRatio 
----------------------------------------------------------------------------------------------------------------------------------
0      [13]                     0.1546     0.0335     0.0641     0.0449     0.1003     0.3853    
1      [104]                    -8.8653    0.0098     0.0030     0.9118     0.0088     0.0107    
2      [13, 104]                -8.8861    0.0097     0.0032     0.9127     0.0088     0.0107    
==================================================================================================================================
[INFO] cluster 6 top 50
rank   raw_ids                  score      IoU        B-IoU      Contain    BBoxIoU    AreaRatio 
----------------------------------------------------------------------------------------------------------------------------------
0      [34]                     0.4746     0.3936     0.1121     0.4312     0.2398     0.5269    
1      [34, 39]                 0.4479     0.3295     0.1046     0.4699     0.5756     0.8960    
2      [34, 133]                0.4454     0.3080     0.1177     0.4643     0.6293     0.9721    
3      [3, 34, 39]              0.4062     0.2379     0.1304     0.5141     0.5554     0.5970    
4      [3, 34]                  0.4061     0.2377     0.1311     0.5138     0.5554     0.5971    
5      [34, 39, 133]            0.3984     0.2718     0.1252     0.5054     0.5672     0.7328    
6      [3, 34, 133]             0.3617     0.2121     0.1496     0.5492     0.5355     0.4675    
7      [34, 37]                 0.2013     0.1556     0.0283     0.4759     0.0872     0.3946    
8      [3, 39]                  0.1759     0.0372     0.0662     0.0761     0.2657     0.8929    
9      [3]                      0.1757     0.0369     0.0692     0.0753     0.2657     0.8942    
10     [3, 133]                 0.1502     0.0450     0.0942     0.1112     0.2895     0.6314    
11     [34, 37, 39]             0.1429     0.1518     0.0357     0.5145     0.1832     0.3445    
12     [133]                    0.1397     0.0234     0.0383     0.0331     0.0830     0.4444    
13     [3, 34, 37]              0.1271     0.1354     0.0548     0.5584     0.1797     0.2716    
14     [39]                     0.0824     0.0294     0.0217     0.0387     0.1049     0.3555    
15     [37]                     0.0163     0.0074     0.0301     0.0219     0.0077     0.5058    
16     [37, 133]                -0.0321    0.0163     0.0468     0.0550     0.2023     0.4126    
17     [3, 37]                  -0.0826    0.0244     0.0630     0.0976     0.1797     0.3228    
18     [5, 34]                  -0.1079    0.1098     0.0730     0.7700     0.1710     0.1474    
19     [5, 34, 39]              -0.1228    0.1127     0.0725     0.8278     0.1710     0.1394    
20     [3, 5, 34]               -0.1813    0.1093     0.0669     0.8828     0.1710     0.1256    
21     [34, 111]                -0.2038    0.1083     0.0692     0.8019     0.0653     0.1388    
22     [5, 34, 111]             -0.2150    0.1068     0.0695     0.8019     0.0652     0.1367    
23     [5]                      -0.2547    0.0474     0.0295     0.3268     0.1342     0.1608    
24     [3, 34, 111]             -0.2842    0.1055     0.0625     0.8936     0.0653     0.1196    
25     [3, 5]                   -0.3225    0.0551     0.0349     0.4388     0.1564     0.1351    
26     [111]                    -0.3470    0.0495     0.0195     0.3615     0.0534     0.1502    
27     [5, 111]                 -0.3583    0.0490     0.0203     0.3635     0.0532     0.1475    
28     [3, 111]                 -0.4223    0.0543     0.0253     0.4532     0.0604     0.1281    
==================================================================================================================================
[INFO] cluster 7 top 50
rank   raw_ids                  score      IoU        B-IoU      Contain    BBoxIoU    AreaRatio 
----------------------------------------------------------------------------------------------------------------------------------
0      [92]                     0.5463     0.4211     0.0540     0.8011     0.4149     0.5871    
1      [60, 92]                 0.4917     0.3839     0.0404     0.8862     0.2500     0.4556    
2      [60, 83, 92]             0.3582     0.2857     0.0127     1.0000     0.1455     0.2857    
3      [83, 92]                 0.3582     0.2857     0.0127     1.0000     0.1455     0.2857    
4      [60]                     0.1348     0.0245     0.0575     0.0340     0.0354     0.4213    
5      [83]                     0.1253     0.0679     0.0205     0.1745     0.0358     0.5732    
6      [60, 83]                 0.1251     0.0678     0.0206     0.1745     0.0358     0.5725    
==================================================================================================================================
[INFO] cluster 8 top 50
rank   raw_ids                  score      IoU        B-IoU      Contain    BBoxIoU    AreaRatio 
----------------------------------------------------------------------------------------------------------------------------------
0      [3]                      0.5895     0.4288     0.0336     0.8403     0.6614     0.5556    
1      [3, 39]                  0.5889     0.4282     0.0318     0.8403     0.6614     0.5548    
2      [3, 34]                  0.4745     0.3543     0.0240     0.9666     0.3295     0.3710    
3      [3, 34, 39]              0.4744     0.3542     0.0240     0.9666     0.3295     0.3709    
4      [34]                     0.1742     0.0507     0.0392     0.0892     0.1063     0.8480    
5      [39]                     0.0882     0.0247     0.0317     0.0378     0.1773     0.5722    
==================================================================================================================================
[INFO] cluster 9 top 50
rank   raw_ids                  score      IoU        B-IoU      Contain    BBoxIoU    AreaRatio 
----------------------------------------------------------------------------------------------------------------------------------
0      [80, 89]                 0.5382     0.3659     0.1322     0.8833     0.6424     0.4354    
1      [80]                     0.5376     0.3653     0.1328     0.8813     0.6424     0.4360    
2      [89]                     0.3562     0.2238     0.1140     0.2271     0.1404     0.2418    
3      [80, 83]                 0.3546     0.2552     0.0695     0.8890     0.3699     0.2964    
4      [80, 83, 89]             0.3546     0.2552     0.0695     0.8890     0.3699     0.2964    
5      [83]                     0.0983     0.0000     0.0000     0.0000     0.0230     0.9506    
==================================================================================================================================
[INFO] cluster 10 top 50
rank   raw_ids                  score      IoU        B-IoU      Contain    BBoxIoU    AreaRatio 
----------------------------------------------------------------------------------------------------------------------------------
0      [48, 79]                 0.8631     0.8196     0.1330     0.9388     0.9257     0.9224    
1      [48, 79, 100]            0.8631     0.8196     0.1330     0.9388     0.9257     0.9224    
2      [48, 79, 90]             0.8631     0.8196     0.1330     0.9388     0.9257     0.9224    
3      [79, 100]                0.8631     0.8196     0.1330     0.9386     0.9257     0.9227    
4      [79, 90]                 0.8631     0.8196     0.1330     0.9386     0.9257     0.9227    
5      [48, 59, 79]             0.8631     0.8195     0.1330     0.9388     0.9257     0.9223    
6      [59, 79]                 0.8630     0.8195     0.1330     0.9386     0.9257     0.9225    
7      [48, 79, 84]             0.8630     0.8194     0.1324     0.9388     0.9257     0.9221    
8      [79, 84]                 0.8630     0.8194     0.1324     0.9386     0.9257     0.9224    
9      [79]                     0.8629     0.8193     0.1323     0.9383     0.9257     0.9229    
10     [48, 79, 112]            0.8626     0.8184     0.1330     0.9388     0.9257     0.9210    
11     [79, 112]                0.8625     0.8184     0.1330     0.9386     0.9257     0.9212    
12     [48, 79, 91]             0.8014     0.7500     0.1163     0.9459     0.7307     0.8285    
13     [79, 91]                 0.8014     0.7500     0.1163     0.9457     0.7307     0.8287    
14     [79, 88]                 0.7933     0.7257     0.0943     0.9415     0.7650     0.8072    
15     [48, 79, 88]             0.7933     0.7257     0.0943     0.9415     0.7650     0.8072    
16     [48, 79, 83]             0.7769     0.6687     0.0994     0.9391     0.8466     0.7444    
17     [79, 83]                 0.7769     0.6686     0.0994     0.9389     0.8466     0.7445    
18     [79, 82]                 0.5504     0.4267     0.0546     0.9425     0.3775     0.4648    
19     [48, 79, 82]             0.5504     0.4267     0.0546     0.9425     0.3775     0.4648    
20     [79, 117]                0.5471     0.4225     0.0547     0.9425     0.3788     0.4602    
21     [48, 79, 117]            0.5471     0.4225     0.0547     0.9425     0.3788     0.4602    
22     [48, 100]                0.4131     0.2551     0.1025     0.2609     0.8476     0.2833    
23     [48, 84]                 0.3696     0.2509     0.1016     0.2565     0.4646     0.2788    
24     [84]                     0.3139     0.1653     0.0574     0.1676     0.1247     0.1817    
25     [100]                    0.2939     0.1695     0.0586     0.1719     0.3059     0.1862    
26     [48, 90]                 0.2776     0.1292     0.0745     0.1304     0.3474     0.1390    
27     [48]                     0.2619     0.0882     0.0651     0.0889     0.0915     0.0970    
28     [48, 112]                0.2490     0.1339     0.0798     0.1401     0.4144     0.1866    
29     [48, 59]                 0.2452     0.1318     0.0774     0.1372     0.2206     0.1780    
30     [48, 91]                 0.2365     0.0844     0.0766     0.0948     0.5628     0.2180    
31     [90]                     0.2297     0.0414     0.0204     0.0414     0.0326     0.0419    
32     [48, 88]                 0.2052     0.0790     0.0225     0.0915     0.1003     0.2500    
33     [59]                     0.2015     0.0466     0.0291     0.0481     0.0793     0.0807    
34     [48, 83]                 0.1988     0.0704     0.0429     0.0889     0.4777     0.3510    
35     [112]                    0.1620     0.0493     0.0325     0.0512     0.2637     0.0895    
36     [48, 82]                 0.1605     0.0451     0.0123     0.0931     0.1426     0.8636    
37     [83]                     0.1358     0.0000     0.0000     0.0000     0.2388     0.2536    
38     [48, 117]                0.1226     0.0450     0.0135     0.0945     0.3537     0.8391    
39     [91]                     0.1116     0.0053     0.0287     0.0059     0.0126     0.1206    
40     [82]                     0.1105     0.0011     0.0060     0.0023     0.0963     0.9473    
41     [88]                     0.1080     0.0012     0.0065     0.0014     0.0393     0.1500    
42     [117]                    0.0813     0.0029     0.0148     0.0060     0.3537     0.9141    
==================================================================================================================================
[INFO] cluster 11 top 50
rank   raw_ids                  score      IoU        B-IoU      Contain    BBoxIoU    AreaRatio 
----------------------------------------------------------------------------------------------------------------------------------
0      [60, 83]                 0.6767     0.5450     0.0870     0.7224     0.7349     0.9543    
1      [83]                     0.6761     0.5441     0.0867     0.7211     0.7349     0.9555    
2      [59, 83]                 0.6350     0.5048     0.0702     0.8047     0.6064     0.7149    
3      [59, 60, 83]             0.6350     0.5048     0.0702     0.8047     0.6064     0.7149    
4      [83, 112]                0.5856     0.5059     0.0721     0.8162     0.6014     0.6996    
5      [59, 83, 112]            0.5856     0.5059     0.0721     0.8162     0.6014     0.6996    
6      [83, 91]                 0.5632     0.4276     0.0863     0.7664     0.4900     0.6414    
7      [60, 83, 91]             0.5632     0.4276     0.0863     0.7664     0.4900     0.6414    
8      [59, 83, 91]             0.5408     0.4118     0.0722     0.8488     0.4126     0.5236    
9      [59, 60]                 0.3063     0.1870     0.0261     0.2527     0.1648     0.6043    
10     [60]                     0.2886     0.1554     0.0379     0.1685     0.1441     0.2527    
11     [60, 112]                0.2842     0.1895     0.0289     0.2597     0.4428     0.6305    
12     [60, 91]                 0.2641     0.1296     0.0655     0.2010     0.5186     0.7518    
13     [59, 91]                 0.1871     0.0590     0.1030     0.1021     0.4470     0.8328    
14     [59]                     0.1820     0.0551     0.0886     0.0696     0.1193     0.3331    
15     [112]                    0.1754     0.0650     0.0836     0.0836     0.4590     0.3695    
16     [59, 112]                0.1754     0.0650     0.0836     0.0836     0.4590     0.3695    
17     [91]                     0.1315     0.0222     0.0471     0.0325     0.0344     0.4978    
18     [79, 83]                 0.1203     0.1711     0.0290     0.9560     0.2620     0.1804    
19     [59, 79, 83]             0.1203     0.1711     0.0290     0.9560     0.2620     0.1804    
20     [60, 79]                 -0.0572    0.0748     0.0190     0.3995     0.2198     0.2108    
21     [59, 79]                 -0.1119    0.0413     0.0520     0.2170     0.2198     0.2235    
22     [79]                     -0.1120    0.0412     0.0519     0.2163     0.2198     0.2236    
==================================================================================================================================
[INFO] cluster 12 top 50
rank   raw_ids                  score      IoU        B-IoU      Contain    BBoxIoU    AreaRatio 
----------------------------------------------------------------------------------------------------------------------------------
0      [82]                     0.7670     0.6962     0.0645     0.9156     0.7131     0.8125    
1      [82, 86]                 0.7670     0.6961     0.0645     0.9165     0.7131     0.8108    
2      [82, 88]                 0.7670     0.6961     0.0645     0.9165     0.7131     0.8108    
3      [82, 86, 88]             0.7670     0.6961     0.0645     0.9165     0.7131     0.8108    
4      [82, 98]                 0.7645     0.6931     0.0643     0.9165     0.7061     0.8072    
5      [82, 86, 98]             0.7645     0.6931     0.0643     0.9165     0.7061     0.8072    
6      [82, 84]                 0.7143     0.6180     0.0644     0.9367     0.6236     0.6885    
7      [82, 84, 88]             0.7143     0.6180     0.0644     0.9367     0.6236     0.6885    
8      [82, 84, 86]             0.7143     0.6180     0.0644     0.9367     0.6236     0.6885    
9      [82, 84, 98]             0.7121     0.6157     0.0642     0.9367     0.6174     0.6858    
10     [86, 117]                0.6743     0.7036     0.0661     0.9405     0.4989     0.7829    
11     [117]                    0.6738     0.7029     0.0661     0.9392     0.4989     0.7840    
12     [82, 117]                0.6723     0.7004     0.0638     0.9405     0.4971     0.7792    
13     [82, 100]                0.6436     0.6162     0.0647     0.9371     0.4920     0.6860    
14     [82, 86, 100]            0.6436     0.6162     0.0647     0.9371     0.4920     0.6860    
15     [82, 84, 100]            0.6434     0.6158     0.0646     0.9371     0.4920     0.6855    
16     [79, 117]                0.5210     0.3773     0.0505     0.9681     0.4726     0.3947    
17     [79, 86, 117]            0.5210     0.3773     0.0505     0.9681     0.4726     0.3947    
18     [79, 84, 117]            0.5209     0.3773     0.0505     0.9681     0.4726     0.3946    
19     [79, 82, 117]            0.5197     0.3764     0.0487     0.9681     0.4710     0.3937    
20     [79, 82]                 0.5174     0.3743     0.0493     0.9555     0.4710     0.3987    
21     [79, 82, 88]             0.5174     0.3743     0.0493     0.9555     0.4710     0.3987    
22     [79, 82, 86]             0.5174     0.3743     0.0493     0.9555     0.4710     0.3987    
23     [79, 82, 100]            0.5174     0.3743     0.0493     0.9555     0.4710     0.3987    
24     [79, 82, 84]             0.5174     0.3742     0.0493     0.9555     0.4710     0.3986    
25     [79, 82, 98]             0.5159     0.3735     0.0492     0.9555     0.4664     0.3978    
26     [88]                     0.2616     0.1196     0.0377     0.1255     0.0924     0.1749    
27     [86]                     0.2518     0.0754     0.0000     0.0754     0.0440     0.0754    
28     [79, 88]                 0.1831     0.0689     0.0535     0.1576     0.2477     0.6923    
29     [98]                     0.1330     0.0116     0.0429     0.0123     0.0416     0.0705    
30     [84]                     0.1167     0.0107     0.0263     0.0128     0.0137     0.2118    
31     [79]                     0.1155     0.0144     0.0320     0.0321     0.1462     0.7916    
32     [79, 100]                0.1154     0.0144     0.0321     0.0321     0.1462     0.7914    
33     [79, 84]                 0.1154     0.0144     0.0321     0.0321     0.1462     0.7912    
34     [79, 86]                 0.1135     0.0481     0.0293     0.1074     0.2351     0.7469    
35     [79, 98]                 0.0888     0.0194     0.0544     0.0443     0.2972     0.7496    
36     [100]                    0.0666     0.0109     0.0255     0.0132     0.0120     0.2171    
==================================================================================================================================
[INFO] cluster 13 top 50
rank   raw_ids                  score      IoU        B-IoU      Contain    BBoxIoU    AreaRatio 
----------------------------------------------------------------------------------------------------------------------------------
0      [78, 98]                 0.8722     0.8355     0.0698     0.9682     0.9411     0.8873    
1      [78, 85, 98]             0.8722     0.8355     0.0698     0.9682     0.9411     0.8873    
2      [78, 87, 98]             0.8722     0.8355     0.0698     0.9682     0.9411     0.8873    
3      [78, 98, 119]            0.8722     0.8355     0.0698     0.9682     0.9411     0.8873    
4      [78, 81, 98]             0.8721     0.8353     0.0683     0.9683     0.9411     0.8868    
5      [78, 96, 98]             0.8709     0.8327     0.0672     0.9683     0.9411     0.8840    
6      [78, 85]                 0.8627     0.8296     0.0697     0.9544     0.9039     0.9052    
7      [78, 87]                 0.8627     0.8296     0.0697     0.9544     0.9039     0.9052    
8      [78, 85, 87]             0.8627     0.8296     0.0697     0.9544     0.9039     0.9052    
9      [78, 119]                0.8627     0.8296     0.0697     0.9544     0.9039     0.9052    
10     [78, 85, 119]            0.8627     0.8296     0.0697     0.9544     0.9039     0.9052    
11     [78, 81]                 0.8625     0.8294     0.0682     0.9545     0.9039     0.9048    
12     [78, 81, 85]             0.8625     0.8294     0.0682     0.9545     0.9039     0.9048    
13     [78, 81, 87]             0.8625     0.8294     0.0682     0.9545     0.9039     0.9048    
14     [78, 81, 119]            0.8625     0.8294     0.0682     0.9545     0.9039     0.9048    
15     [78]                     0.8625     0.8295     0.0682     0.9538     0.9039     0.9060    
16     [78, 96]                 0.8612     0.8268     0.0665     0.9545     0.9039     0.9018    
17     [78, 85, 96]             0.8612     0.8268     0.0665     0.9545     0.9039     0.9018    
18     [78, 81, 96]             0.8611     0.8266     0.0650     0.9546     0.9039     0.9013    
19     [98, 106]                0.7438     0.8371     0.0657     0.9747     0.5213     0.8779    
20     [81, 98, 106]            0.7438     0.8371     0.0657     0.9747     0.5213     0.8779    
21     [78, 98, 106]            0.7430     0.8356     0.0630     0.9753     0.5213     0.8752    
22     [81, 106]                0.7407     0.8329     0.0653     0.9629     0.5213     0.8935    
23     [106]                    0.7406     0.8328     0.0652     0.9628     0.5213     0.8938    
24     [78, 82]                 0.7406     0.6452     0.0520     0.9856     0.6730     0.6608    
25     [78, 82, 85]             0.7406     0.6452     0.0520     0.9856     0.6730     0.6608    
26     [78, 81, 82]             0.7405     0.6451     0.0507     0.9857     0.6730     0.6606    
27     [78, 106]                0.7400     0.8314     0.0626     0.9637     0.5213     0.8907    
28     [106, 117]               0.6433     0.6410     0.0438     0.9920     0.4818     0.6495    
29     [81, 106, 117]           0.6433     0.6410     0.0438     0.9920     0.4818     0.6495    
30     [78, 106, 117]           0.6430     0.6405     0.0438     0.9920     0.4818     0.6490    
31     [78, 117]                0.6423     0.6398     0.0518     0.9856     0.4818     0.6552    
32     [81, 87]                 0.3423     0.2097     0.0314     0.2165     0.5017     0.2491    
33     [81]                     0.2731     0.1113     0.0164     0.1131     0.1173     0.1297    
34     [87]                     0.2664     0.1018     0.0218     0.1034     0.1124     0.1192    
35     [81, 85]                 0.2612     0.1378     0.0150     0.1400     0.2496     0.1566    
36     [81, 82]                 0.2305     0.1038     0.0427     0.1445     0.4863     0.5372    
37     [85]                     0.2197     0.0269     0.0000     0.0269     0.0236     0.0269    
38     [119]                    0.2095     0.0127     0.0000     0.0127     0.0128     0.0127    
39     [82]                     0.1809     0.0225     0.0370     0.0309     0.3636     0.4067    
40     [98]                     0.1771     0.0146     0.0125     0.0148     0.0281     0.0233    
41     [96]                     0.1309     0.0049     0.0290     0.0050     0.0385     0.0241    
42     [117]                    0.0997     0.0223     0.0290     0.0310     0.2712     0.4214    
==================================================================================================================================
[INFO] cluster 14 top 50
rank   raw_ids                  score      IoU        B-IoU      Contain    BBoxIoU    AreaRatio 
----------------------------------------------------------------------------------------------------------------------------------
0      [91]                     0.6911     0.5932     0.1077     0.8039     0.6138     0.8628    
==================================================================================================================================
