==================================================================================================================================
rank   cluster  raw_ids              score      IoU        B-IoU      Contain    BBoxIoU    AreaRatio 
----------------------------------------------------------------------------------------------------------------------------------
0      10       [79]                 0.8629     0.8193     0.1323     0.9383     0.9257     0.9229    
1      13       [78]                 0.8625     0.8295     0.0682     0.9538     0.9039     0.9060    
2      12       [82]                 0.7670     0.6962     0.0645     0.9156     0.7131     0.8125    
3      14       [91]                 0.6911     0.5932     0.1077     0.8039     0.6138     0.8628    
4      11       [83]                 0.6761     0.5441     0.0867     0.7211     0.7349     0.9555    
5      4        [33]                 0.6139     0.5328     0.0171     0.7449     0.3843     0.8749    
6      8        [3]                  0.5895     0.4288     0.0336     0.8403     0.6614     0.5556    
7      7        [92]                 0.5463     0.4211     0.0540     0.8011     0.4149     0.5871    
8      9        [80]                 0.5376     0.3653     0.1328     0.8813     0.6424     0.4360    
9      6        [34]                 0.4746     0.3936     0.1121     0.4312     0.2398     0.5269    
10     3        [20, 38, 108]        0.4003     0.3073     0.0000     0.3164     0.7313     0.3460    
11     1        [57, 60]             0.2093     0.0895     0.0835     0.1343     0.4155     0.6358    
12     0        [101]                0.1555     0.0398     0.0432     0.0585     0.0728     0.5277    
13     5        [13]                 0.1546     0.0335     0.0641     0.0449     0.1003     0.3853    
==================================================================================================================================
