==================================================================================================================================
rank   cluster  raw_ids              score      IoU        B-IoU      Contain    BBoxIoU    AreaRatio 
----------------------------------------------------------------------------------------------------------------------------------
0      14       [91]                 0.7672     0.6369     0.1283     0.7874     0.8468     0.9769    
1      13       [78, 82]             0.7520     0.7451     0.0731     0.9840     0.7308     0.7665    
2      4        [33, 109]            0.6293     0.4263     0.0123     0.9376     0.4381     0.4680    
3      7        [92]                 0.5359     0.4092     0.1006     0.7672     0.4229     0.6090    
4      6        [3, 34]              0.4089     0.2618     0.0359     0.5045     0.5715     0.6986    
5      0        [44]                 0.3783     0.0497     0.0421     0.8303     0.0596     0.0605    
6      2        [46]                 0.3102     0.0643     0.0131     0.6472     0.0699     0.1029    
7      1        [57]                 0.2514     0.2036     0.0359     0.2427     0.2361     0.4349    
==================================================================================================================================
